1 1000 247383.772125
[27, 108, 23, 19, 18, 26, 36, 34, 81, 126, 82, 117, 84, 77, 8, 60, 91, 9, 15, 20, 22, 21, 4, 24, 66, 123, 103, 118, 46, 44, 38, 80, 75, 96, 69, 76, 31, 14, 37, 121, 54, 45, 112, 94, 111, 107, 127, 93, 48, 53, 52, 11, 74, 68, 83, 101, 102, 63, 119, 85, 73, 72, 89, 92, 99, 65, 64, 113, 104, 110, 86, 87, 88, 109, 70, 71, 59, 58, 3, 105, 1, 115, 51, 16, 114, 7, 13, 57, 5, 35, 33, 29, 32, 79, 62, 125, 100, 61, 90, 116, 67, 17, 43, 95, 98, 97, 122, 78, 6, 10, 120, 106, 40, 42, 39, 30, 41, 56, 47, 49, 55, 124, 50, 2, 12, 28, 25]

2 1000 279043.19485
[124, 47, 40, 14, 7, 105, 114, 13, 54, 103, 57, 121, 5, 38, 26, 27, 30, 16, 1, 15, 79, 76, 126, 84, 82, 101, 102, 83, 65, 99, 92, 3, 12, 43, 42, 117, 75, 74, 68, 73, 67, 10, 120, 50, 51, 39, 28, 32, 69, 88, 110, 77, 24, 22, 80, 33, 29, 17, 4, 113, 66, 53, 46, 56, 8, 23, 19, 9, 90, 64, 52, 36, 93, 95, 97, 98, 25, 31, 41, 37, 2, 58, 59, 87, 86, 125, 89, 91, 61, 20, 106, 11, 60, 116, 62, 104, 85, 109, 70, 71, 18, 72, 21, 112, 111, 94, 118, 127, 107, 45, 34, 123, 122, 78, 81, 63, 119, 96, 49, 48, 44, 35, 108, 6, 115, 100, 55]

3 1000 249481.455441
[16, 1, 72, 4, 15, 24, 11, 116, 62, 59, 104, 110, 73, 96, 87, 86, 88, 119, 32, 42, 25, 83, 68, 74, 8, 61, 91, 5, 121, 57, 54, 51, 56, 124, 47, 95, 98, 101, 102, 26, 37, 41, 34, 43, 35, 103, 123, 97, 39, 38, 80, 77, 18, 79, 126, 82, 63, 109, 85, 90, 60, 67, 70, 69, 71, 29, 28, 122, 33, 78, 75, 23, 9, 114, 13, 50, 49, 66, 113, 58, 64, 3, 12, 27, 31, 30, 14, 40, 36, 125, 92, 89, 99, 65, 46, 107, 111, 94, 118, 55, 112, 127, 93, 44, 45, 52, 100, 120, 19, 22, 7, 2, 48, 53, 115, 10, 105, 6, 20, 17, 21, 76, 81, 117, 84, 108, 106]

4 1000 266933.99958
[118, 45, 48, 110, 86, 85, 71, 8, 19, 77, 18, 79, 80, 26, 93, 127, 39, 33, 29, 25, 28, 123, 95, 41, 51, 56, 47, 49, 44, 43, 38, 30, 78, 117, 75, 87, 88, 109, 69, 82, 83, 74, 20, 108, 6, 31, 4, 22, 24, 23, 13, 50, 64, 104, 89, 113, 65, 66, 121, 42, 122, 97, 98, 103, 54, 1, 126, 101, 102, 63, 11, 53, 111, 107, 57, 10, 125, 99, 92, 100, 58, 91, 55, 115, 7, 105, 12, 14, 17, 72, 9, 60, 62, 61, 90, 3, 120, 114, 67, 59, 116, 70, 68, 96, 119, 73, 21, 15, 106, 16, 2, 37, 35, 36, 5, 52, 124, 40, 34, 27, 76, 84, 81, 32, 94, 112, 46]

5 1000 267292.179812
[40, 36, 52, 47, 94, 93, 107, 111, 112, 50, 16, 1, 100, 58, 66, 11, 106, 7, 124, 55, 5, 51, 56, 99, 65, 92, 89, 3, 115, 13, 35, 31, 18, 27, 26, 25, 29, 28, 33, 109, 87, 88, 73, 71, 68, 79, 80, 57, 54, 44, 34, 42, 43, 30, 14, 2, 121, 49, 46, 105, 4, 78, 122, 98, 97, 38, 77, 84, 101, 102, 83, 72, 19, 8, 9, 120, 114, 22, 24, 12, 6, 10, 61, 91, 60, 96, 119, 81, 75, 70, 69, 110, 85, 86, 104, 125, 64, 113, 62, 59, 90, 116, 39, 63, 126, 82, 117, 53, 118, 48, 103, 45, 76, 74, 67, 23, 41, 37, 21, 17, 20, 15, 108, 32, 123, 127, 95]

6 1000 270733.495563
[34, 45, 48, 94, 107, 127, 93, 14, 41, 40, 42, 27, 18, 68, 69, 38, 28, 29, 102, 101, 97, 95, 98, 81, 126, 82, 32, 33, 122, 65, 99, 61, 76, 84, 117, 78, 79, 30, 43, 39, 44, 53, 55, 47, 105, 35, 121, 5, 21, 77, 24, 74, 73, 100, 58, 64, 10, 120, 66, 113, 62, 109, 87, 86, 96, 75, 80, 16, 20, 22, 23, 17, 108, 7, 1, 92, 89, 52, 124, 2, 36, 37, 49, 46, 118, 111, 112, 103, 123, 31, 70, 85, 88, 110, 67, 9, 11, 50, 56, 54, 57, 51, 114, 106, 15, 4, 19, 8, 72, 90, 60, 115, 13, 3, 116, 59, 71, 83, 63, 119, 104, 125, 91, 6, 12, 26, 25]

7 1000 281001.31303
[42, 15, 105, 114, 5, 46, 112, 57, 10, 58, 92, 89, 113, 123, 127, 95, 48, 94, 118, 49, 53, 103, 34, 27, 80, 22, 19, 116, 60, 110, 85, 86, 104, 66, 54, 45, 44, 121, 56, 61, 62, 8, 78, 75, 84, 119, 96, 70, 77, 79, 25, 98, 107, 111, 99, 69, 102, 101, 74, 67, 59, 68, 71, 73, 2, 35, 1, 6, 11, 4, 108, 20, 115, 100, 41, 30, 43, 39, 97, 82, 126, 117, 29, 32, 28, 38, 40, 51, 50, 65, 125, 3, 23, 17, 12, 14, 26, 33, 122, 93, 47, 55, 124, 52, 64, 91, 90, 9, 76, 81, 83, 63, 87, 88, 109, 21, 72, 18, 120, 13, 7, 106, 24, 31, 16, 37, 36]

1 1000 281186.739028
[90, 116, 60, 68, 69, 119, 86, 85, 3, 13, 54, 48, 118, 115, 22, 24, 23, 59, 62, 110, 71, 17, 12, 14, 106, 19, 67, 87, 88, 91, 124, 49, 53, 36, 37, 43, 42, 97, 98, 127, 34, 27, 29, 25, 105, 114, 120, 66, 65, 89, 99, 104, 18, 74, 63, 126, 81, 33, 122, 28, 26, 38, 40, 35, 51, 10, 2, 41, 30, 31, 80, 16, 7, 108, 4, 72, 32, 83, 82, 84, 79, 20, 58, 100, 92, 125, 61, 9, 39, 123, 95, 93, 103, 45, 121, 5, 102, 101, 75, 73, 8, 11, 6, 21, 77, 117, 76, 78, 15, 50, 52, 55, 70, 109, 96, 1, 44, 57, 56, 64, 113, 46, 47, 107, 111, 112, 94]

2 1000 256256.402183
[112, 103, 45, 44, 43, 39, 33, 122, 29, 32, 81, 75, 69, 104, 92, 99, 65, 66, 100, 91, 62, 60, 73, 116, 108, 15, 22, 4, 70, 87, 86, 85, 89, 113, 125, 61, 90, 121, 5, 106, 74, 78, 117, 76, 77, 21, 80, 79, 27, 26, 123, 127, 93, 2, 1, 67, 110, 71, 24, 114, 105, 120, 13, 53, 94, 46, 36, 34, 38, 101, 83, 18, 8, 59, 64, 58, 6, 40, 95, 51, 57, 48, 118, 55, 50, 3, 9, 11, 23, 19, 25, 31, 17, 20, 72, 68, 109, 88, 96, 119, 63, 102, 82, 126, 84, 16, 54, 107, 111, 52, 115, 10, 7, 14, 30, 37, 35, 41, 12, 28, 98, 97, 42, 56, 124, 47, 49]

3 1000 264923.081144
[12, 14, 33, 29, 32, 95, 42, 40, 45, 5, 53, 47, 49, 56, 64, 113, 66, 55, 124, 10, 115, 35, 123, 97, 28, 26, 30, 15, 4, 39, 127, 107, 93, 103, 27, 18, 84, 63, 119, 75, 68, 70, 109, 85, 110, 61, 99, 104, 67, 69, 96, 88, 71, 11, 116, 59, 86, 87, 81, 117, 126, 38, 122, 25, 3, 90, 91, 52, 100, 13, 16, 36, 37, 41, 2, 54, 118, 46, 60, 62, 58, 120, 108, 1, 51, 50, 121, 7, 105, 23, 8, 125, 92, 89, 65, 48, 94, 57, 106, 114, 24, 6, 9, 73, 101, 102, 83, 82, 98, 111, 112, 44, 43, 34, 20, 22, 19, 77, 74, 72, 21, 17, 31, 80, 78, 76, 79]

4 1000 268291.586474
[80, 21, 72, 77, 78, 117, 73, 67, 62, 19, 23, 9, 114, 116, 90, 10, 100, 11, 7, 2, 121, 53, 118, 46, 16, 17, 22, 4, 70, 109, 88, 113, 64, 58, 60, 3, 115, 91, 59, 61, 86, 87, 85, 99, 50, 13, 120, 40, 39, 38, 26, 32, 29, 30, 25, 56, 55, 66, 52, 5, 49, 111, 112, 47, 124, 12, 6, 14, 41, 44, 48, 94, 107, 123, 27, 31, 108, 20, 15, 106, 24, 79, 75, 81, 84, 122, 28, 98, 97, 33, 36, 37, 35, 1, 71, 96, 119, 69, 68, 125, 65, 89, 92, 104, 110, 63, 102, 105, 51, 43, 34, 42, 95, 127, 93, 54, 45, 103, 57, 74, 18, 8, 76, 126, 82, 101, 83]

