1 2600 11927.5755349 26

2 2600 11623.8822012 26

3 2600 11884.4965555 26

4 2600 11501.5704293 26

5 2600 10938.7265991 26

6 2600 11727.2052631 26

7 2600 11654.0412156 26

8 2600 11200.7324615 26

9 2600 13062.2968758 26

10 2600 10433.6062649 26

1 2600 12666.8313982 26

2 2600 10885.7904069 26

3 2600 10706.6661919 26

4 2600 12726.4356359 26

5 2600 11936.1228707 26

6 2600 12435.5502819 26

7 2600 12430.5502542 26

8 2600 11365.0760071 26

9 2600 11726.5573473 26

10 2600 11422.6946504 26

1 500 12540.9761997 50

2 500 12393.0470046 50

3 500 14076.9230808 50

4 500 13671.5729262 50

5 500 14030.7825325 50

6 500 14549.7006586 50

7 500 12609.3502587 50

8 500 13127.747772 50

9 500 13682.1950001 50

10 500 13055.27449 50

1 500 13121.4772185 50

2 500 12518.9474091 50

3 500 13467.8353241 50

4 500 13048.7687768 50

5 500 11911.8115642 50

6 500 12350.5835303 50

7 500 13567.0226368 50

8 500 13711.5987973 50

9 500 12588.4751356 50

10 500 14534.0537821 50

1 500 12621.0489066 50

2 500 13232.2915421 50

3 500 13543.5610002 50

4 500 13121.1164857 50

5 500 14211.2717173 50

6 500 13109.0718937 50

7 500 13911.836213 50

8 500 13873.9109345 50

9 500 13091.9383937 50

10 500 12288.3583859 50

1 500 12530.8348964 50

2 500 14402.8804602 50

3 500 13002.3091555 50

4 500 13373.7052045 50

5 500 12782.2706718 50

6 500 13408.3570701 50

7 500 14623.6989266 50

8 500 13394.1632952 50

9 500 13507.1478766 50

10 500 14262.1104233 50

