1 2600 11927.5755349
[15, 38, 40, 24, 37, 39, 34, 44, 36, 10, 33, 4, 6, 18, 17, 42, 7, 2, 30, 21, 31, 32, 49, 35, 46, 28, 26, 47, 13, 14, 52, 27, 25, 48, 16, 50, 20, 23, 29, 12, 51, 11, 5, 1, 22, 3, 45, 19, 41, 8, 9, 43]

2 2600 11623.8822012
[12, 38, 40, 39, 37, 46, 44, 34, 35, 1, 42, 7, 2, 30, 23, 20, 50, 26, 13, 47, 29, 16, 51, 33, 10, 9, 8, 43, 4, 25, 6, 24, 5, 15, 19, 41, 45, 32, 49, 22, 31, 18, 3, 17, 21, 36, 48, 28, 27, 14, 52, 11]

3 2600 11884.4965555
[23, 21, 3, 18, 1, 32, 39, 37, 48, 24, 5, 15, 6, 51, 11, 27, 28, 12, 25, 36, 35, 34, 44, 16, 22, 49, 40, 38, 46, 52, 14, 13, 33, 43, 45, 19, 17, 7, 2, 42, 30, 20, 50, 29, 47, 26, 4, 10, 9, 8, 41, 31]

4 2600 11501.5704293
[9, 8, 41, 19, 3, 17, 21, 31, 20, 23, 30, 42, 7, 2, 26, 28, 27, 52, 11, 51, 39, 34, 44, 32, 49, 50, 29, 47, 14, 13, 12, 25, 48, 46, 16, 35, 36, 1, 22, 18, 45, 10, 43, 15, 6, 24, 37, 40, 38, 5, 4, 33]

5 2600 10938.7265991
[3, 1, 22, 31, 21, 20, 50, 23, 6, 12, 51, 11, 13, 14, 52, 27, 28, 25, 4, 16, 44, 18, 41, 19, 45, 43, 33, 10, 9, 8, 37, 48, 24, 5, 15, 38, 40, 39, 32, 49, 36, 35, 34, 46, 47, 26, 29, 30, 42, 2, 7, 17]

6 2600 11727.2052631
[19, 45, 3, 17, 31, 21, 42, 7, 2, 30, 29, 28, 26, 25, 20, 23, 18, 22, 1, 32, 49, 37, 46, 34, 44, 50, 16, 27, 13, 52, 14, 47, 35, 36, 39, 40, 38, 5, 15, 6, 4, 43, 8, 10, 33, 51, 11, 12, 48, 24, 9, 41]

7 2600 11654.0412156
[15, 5, 25, 13, 14, 52, 11, 40, 18, 17, 50, 29, 46, 4, 6, 38, 20, 30, 42, 2, 7, 21, 23, 49, 32, 1, 31, 22, 44, 35, 36, 10, 9, 8, 41, 19, 3, 45, 43, 33, 51, 12, 28, 27, 47, 26, 16, 34, 39, 37, 24, 48]

8 2600 11200.7324615
[10, 33, 51, 12, 25, 16, 29, 50, 23, 20, 1, 35, 49, 36, 34, 44, 46, 13, 14, 52, 11, 4, 43, 18, 3, 17, 7, 2, 42, 39, 40, 37, 48, 38, 5, 24, 15, 6, 28, 27, 26, 47, 30, 21, 31, 22, 32, 45, 19, 8, 41, 9]

9 2600 13062.2968758
[41, 8, 45, 40, 38, 37, 50, 20, 23, 1, 39, 43, 10, 9, 33, 4, 24, 48, 34, 35, 21, 42, 25, 12, 51, 11, 52, 13, 46, 44, 22, 18, 3, 31, 16, 47, 14, 26, 27, 28, 29, 30, 2, 7, 17, 15, 5, 6, 36, 49, 32, 19]

10 2600 10433.6062649
[18, 17, 3, 32, 39, 35, 36, 34, 44, 50, 20, 29, 16, 37, 38, 40, 49, 23, 21, 42, 7, 2, 30, 47, 26, 27, 13, 14, 52, 11, 51, 4, 6, 43, 9, 10, 33, 12, 28, 25, 46, 48, 24, 15, 5, 1, 22, 31, 19, 8, 41, 45]

1 2600 12666.8313982
[42, 7, 2, 14, 52, 12, 45, 19, 3, 17, 31, 1, 37, 48, 28, 13, 47, 16, 44, 10, 9, 8, 41, 32, 49, 22, 23, 30, 20, 50, 29, 26, 27, 11, 51, 33, 43, 4, 15, 40, 39, 36, 35, 34, 46, 25, 6, 5, 24, 38, 18, 21]

2 2600 10885.7904069
[51, 12, 4, 33, 43, 50, 20, 23, 30, 29, 16, 44, 46, 48, 34, 36, 41, 9, 8, 10, 15, 5, 38, 40, 32, 3, 18, 22, 49, 35, 1, 17, 42, 7, 2, 21, 31, 19, 45, 39, 37, 6, 24, 25, 28, 27, 26, 47, 14, 52, 13, 11]

3 2600 10706.6661919
[42, 29, 16, 44, 37, 48, 24, 5, 38, 39, 31, 21, 30, 23, 50, 20, 22, 1, 34, 46, 47, 26, 13, 27, 28, 25, 6, 15, 40, 41, 8, 9, 10, 43, 33, 11, 52, 14, 51, 12, 4, 36, 35, 49, 32, 19, 45, 18, 3, 17, 7, 2]

4 2600 12726.4356359
[44, 34, 35, 22, 18, 3, 21, 31, 1, 36, 39, 38, 5, 37, 16, 29, 30, 42, 23, 50, 20, 32, 19, 45, 49, 40, 15, 43, 10, 33, 6, 24, 48, 25, 12, 28, 13, 52, 14, 26, 2, 7, 17, 41, 8, 9, 4, 51, 11, 27, 47, 46]

5 2600 11936.1228707
[29, 28, 11, 33, 4, 48, 37, 38, 47, 14, 52, 13, 27, 26, 16, 50, 20, 23, 45, 8, 41, 3, 17, 31, 18, 19, 9, 10, 43, 6, 24, 36, 35, 44, 46, 12, 51, 25, 39, 49, 1, 22, 32, 40, 15, 5, 34, 21, 42, 2, 7, 30]

6 2600 12435.5502819
[35, 34, 39, 38, 37, 48, 24, 5, 15, 6, 4, 52, 14, 13, 46, 22, 41, 8, 9, 10, 18, 20, 50, 16, 44, 36, 49, 32, 19, 45, 3, 17, 31, 21, 23, 1, 25, 28, 12, 51, 11, 33, 43, 40, 30, 42, 7, 2, 29, 47, 26, 27]

7 2600 12430.5502542
[51, 33, 9, 8, 41, 32, 49, 35, 37, 48, 38, 40, 39, 36, 10, 43, 15, 5, 34, 1, 23, 31, 18, 22, 24, 25, 27, 13, 14, 47, 2, 7, 42, 30, 20, 50, 16, 44, 6, 4, 12, 28, 29, 21, 17, 3, 19, 45, 46, 26, 52, 11]

8 2600 11365.0760071
[28, 11, 12, 25, 37, 34, 35, 36, 50, 29, 47, 14, 52, 13, 27, 26, 46, 16, 30, 42, 7, 2, 44, 51, 33, 4, 5, 6, 48, 24, 15, 43, 10, 9, 8, 41, 19, 3, 17, 18, 31, 21, 23, 20, 1, 22, 45, 32, 49, 40, 39, 38]

9 2600 11726.5573473
[16, 50, 20, 23, 31, 3, 22, 39, 36, 35, 32, 49, 44, 26, 27, 46, 37, 38, 40, 34, 30, 2, 7, 42, 21, 1, 43, 33, 10, 9, 8, 41, 18, 17, 19, 45, 15, 6, 5, 24, 48, 51, 11, 52, 14, 13, 25, 4, 12, 28, 47, 29]

10 2600 11422.6946504
[43, 9, 10, 21, 31, 23, 29, 50, 20, 22, 8, 41, 3, 18, 32, 16, 44, 45, 19, 17, 42, 7, 2, 30, 47, 27, 28, 25, 48, 24, 5, 38, 34, 35, 1, 49, 36, 39, 40, 37, 46, 26, 13, 14, 52, 11, 51, 12, 4, 15, 6, 33]

