1 2600 11272.0678966 26

2 2600 9023.98192059 26

3 2600 10590.7562465 26

4 2600 10944.0538492 26

5 2600 10575.6296853 26

6 2600 10732.3142936 26

7 2600 11450.6211578 26

8 2600 10123.9733451 26

9 2600 11461.4235355 26

10 2600 10477.1998314 26

1 2600 10148.4875172 26

2 2600 10045.1894211 26

3 2600 11061.2166991 26

4 2600 9862.63246706 26

5 2600 9809.57956742 26

6 2600 9282.30044283 26

7 2600 9266.09036506 26

8 2600 10368.5817206 26

9 2600 9249.47556355 26

10 2600 9613.73163549 26

