1 2600 11272.0678966
[13, 27, 26, 28, 19, 45, 32, 50, 16, 29, 2, 7, 42, 30, 20, 36, 39, 8, 41, 10, 9, 33, 43, 15, 24, 40, 37, 38, 35, 49, 1, 22, 23, 21, 17, 3, 18, 31, 44, 46, 34, 48, 5, 12, 11, 51, 4, 6, 25, 47, 14, 52]

2 2600 9023.98192059
[33, 12, 51, 11, 52, 14, 13, 27, 28, 26, 47, 46, 48, 24, 5, 15, 6, 4, 25, 40, 39, 1, 18, 22, 31, 23, 21, 7, 42, 2, 30, 29, 50, 20, 16, 44, 37, 38, 36, 34, 35, 49, 32, 45, 19, 3, 17, 41, 8, 9, 10, 43]

3 2600 10590.7562465
[51, 11, 52, 13, 14, 27, 26, 47, 28, 12, 25, 16, 46, 44, 42, 7, 2, 30, 29, 50, 23, 31, 18, 3, 8, 9, 10, 40, 38, 15, 5, 6, 24, 48, 37, 39, 34, 1, 22, 41, 17, 21, 20, 35, 36, 49, 32, 45, 19, 43, 4, 33]

4 2600 10944.0538492
[3, 8, 9, 10, 19, 45, 29, 30, 42, 2, 7, 31, 1, 32, 49, 44, 46, 24, 25, 26, 28, 27, 47, 13, 14, 52, 11, 12, 4, 51, 33, 43, 6, 15, 5, 37, 35, 16, 48, 38, 40, 39, 36, 34, 41, 18, 22, 20, 50, 23, 21, 17]

5 2600 10575.6296853
[21, 18, 17, 7, 2, 42, 30, 50, 29, 26, 27, 51, 4, 33, 43, 6, 5, 15, 24, 48, 38, 39, 36, 35, 34, 40, 37, 12, 11, 52, 13, 14, 47, 28, 25, 46, 1, 44, 16, 20, 23, 22, 3, 41, 9, 10, 8, 19, 45, 32, 49, 31]

6 2600 10732.3142936
[40, 37, 38, 5, 24, 48, 25, 12, 4, 6, 15, 13, 14, 52, 11, 51, 33, 43, 10, 9, 32, 45, 19, 8, 41, 17, 3, 23, 20, 29, 30, 42, 2, 7, 21, 35, 34, 46, 28, 27, 26, 47, 16, 50, 44, 36, 39, 49, 1, 22, 31, 18]

7 2600 11450.6211578
[47, 14, 51, 12, 4, 6, 5, 24, 25, 11, 52, 27, 13, 29, 30, 20, 32, 45, 3, 17, 2, 7, 42, 21, 49, 39, 38, 40, 48, 15, 43, 33, 10, 8, 9, 41, 19, 18, 31, 22, 1, 36, 35, 34, 37, 46, 44, 23, 50, 16, 28, 26]

8 2600 10123.9733451
[41, 18, 17, 3, 22, 23, 20, 31, 1, 36, 49, 32, 45, 19, 43, 39, 35, 34, 37, 40, 44, 16, 29, 2, 7, 42, 21, 30, 50, 46, 25, 28, 26, 47, 27, 13, 14, 52, 11, 51, 12, 6, 24, 48, 38, 5, 15, 4, 33, 9, 10, 8]

9 2600 11461.4235355
[16, 46, 48, 25, 12, 11, 51, 33, 43, 4, 6, 5, 15, 39, 36, 35, 37, 24, 38, 40, 29, 50, 44, 34, 1, 22, 49, 10, 9, 32, 31, 42, 7, 2, 17, 3, 18, 45, 19, 41, 8, 21, 23, 30, 20, 27, 13, 52, 14, 26, 28, 47]

10 2600 10477.1998314
[42, 2, 7, 17, 3, 45, 19, 8, 41, 9, 10, 43, 49, 1, 16, 26, 47, 13, 14, 52, 11, 28, 27, 12, 25, 46, 34, 32, 23, 20, 50, 44, 35, 36, 24, 48, 37, 39, 40, 38, 5, 15, 6, 4, 33, 51, 29, 30, 22, 18, 31, 21]

1 2600 10148.4875172
[30, 42, 2, 7, 17, 3, 18, 21, 31, 22, 1, 44, 34, 36, 49, 9, 10, 43, 33, 8, 41, 19, 45, 32, 15, 4, 6, 5, 38, 37, 48, 46, 16, 29, 20, 23, 35, 39, 40, 24, 28, 13, 52, 14, 47, 26, 27, 11, 51, 12, 25, 50]

2 2600 10045.1894211
[39, 48, 6, 4, 25, 26, 27, 28, 12, 51, 11, 52, 13, 14, 47, 33, 43, 45, 3, 18, 21, 31, 22, 23, 20, 50, 29, 46, 44, 16, 30, 42, 2, 7, 17, 9, 10, 8, 41, 19, 40, 38, 5, 15, 24, 37, 34, 35, 36, 49, 32, 1]

3 2600 11061.2166991
[17, 21, 34, 44, 28, 13, 52, 11, 51, 4, 25, 12, 27, 14, 47, 26, 46, 16, 29, 50, 20, 23, 36, 43, 33, 10, 9, 41, 8, 48, 24, 5, 6, 15, 45, 19, 3, 49, 35, 37, 38, 40, 39, 32, 1, 22, 18, 31, 30, 2, 7, 42]

4 2600 9862.63246706
[29, 47, 26, 13, 27, 14, 52, 11, 51, 33, 15, 25, 4, 43, 10, 9, 41, 8, 19, 45, 39, 40, 38, 5, 37, 36, 35, 34, 48, 24, 6, 12, 28, 46, 44, 16, 50, 31, 23, 22, 1, 49, 32, 18, 3, 17, 21, 42, 2, 7, 30, 20]

5 2600 9809.57956742
[17, 3, 18, 32, 49, 1, 31, 22, 23, 20, 46, 48, 25, 28, 12, 33, 43, 45, 19, 10, 9, 8, 41, 35, 36, 44, 34, 39, 37, 40, 38, 24, 5, 6, 15, 4, 51, 11, 52, 14, 13, 47, 27, 26, 29, 16, 50, 30, 7, 2, 42, 21]

6 2600 9282.30044283
[30, 23, 20, 50, 29, 16, 46, 25, 4, 6, 48, 24, 38, 37, 40, 39, 45, 19, 3, 18, 31, 22, 1, 35, 32, 49, 36, 34, 44, 47, 26, 13, 14, 52, 11, 27, 28, 12, 51, 33, 43, 5, 15, 10, 9, 8, 41, 17, 7, 2, 42, 21]

7 2600 9266.09036506
[11, 52, 14, 13, 27, 28, 26, 47, 46, 25, 33, 10, 9, 8, 41, 19, 45, 32, 49, 1, 18, 3, 17, 31, 22, 23, 30, 21, 42, 7, 2, 29, 20, 50, 16, 48, 24, 5, 15, 43, 38, 40, 39, 36, 35, 34, 44, 37, 6, 4, 12, 51]

8 2600 10368.5817206
[32, 18, 31, 17, 3, 41, 9, 10, 8, 19, 45, 36, 35, 34, 39, 37, 48, 5, 43, 33, 4, 24, 46, 26, 27, 13, 14, 47, 29, 50, 20, 16, 44, 40, 38, 15, 6, 25, 28, 52, 11, 51, 12, 1, 22, 21, 42, 7, 2, 30, 23, 49]

9 2600 9249.47556355
[24, 48, 6, 15, 38, 39, 45, 19, 10, 9, 8, 41, 25, 12, 28, 27, 26, 47, 13, 14, 52, 11, 51, 33, 43, 4, 46, 44, 16, 29, 50, 20, 23, 21, 17, 3, 18, 22, 32, 49, 1, 31, 42, 7, 2, 30, 34, 35, 36, 37, 40, 5]

10 2600 9613.73163549
[32, 49, 34, 37, 38, 15, 5, 24, 46, 47, 26, 27, 11, 52, 14, 13, 28, 12, 51, 33, 40, 39, 35, 36, 45, 19, 41, 8, 9, 10, 43, 6, 4, 25, 48, 3, 17, 18, 31, 21, 42, 2, 7, 30, 29, 20, 50, 16, 44, 23, 22, 1]

