1 2600 10065.1668269 26

2 2600 10246.4029531 26

3 2600 11389.839299 26

4 2600 10453.9025814 26

5 2600 10208.9412019 26

6 2600 10151.3865194 26

7 2600 10560.1622692 26

8 2600 10651.907214 26

9 2600 10871.7676503 26

10 2600 9018.34448517 26

1 2600 10148.6213078 26

2 2600 11080.1270358 26

3 2600 11124.0197121 26

4 2600 10794.1490694 26

5 2600 11153.5922778 26

6 2600 10194.6442919 26

7 2600 10986.7938644 26

8 2600 11396.6907828 26

9 2600 11246.8873267 26

10 2600 10546.5346408 26

