1 2600 10065.1668269
[7, 2, 29, 47, 14, 52, 13, 28, 12, 25, 5, 15, 43, 10, 9, 8, 41, 19, 45, 38, 24, 40, 37, 34, 35, 36, 39, 49, 32, 1, 22, 18, 31, 23, 20, 50, 16, 46, 48, 6, 4, 33, 51, 11, 27, 26, 44, 30, 21, 3, 17, 42]

2 2600 10246.4029531
[48, 38, 40, 39, 36, 35, 1, 22, 49, 32, 41, 8, 9, 10, 33, 43, 17, 21, 42, 7, 2, 30, 23, 31, 18, 3, 19, 45, 34, 26, 47, 14, 52, 13, 27, 28, 12, 4, 6, 51, 11, 25, 46, 50, 20, 29, 16, 44, 37, 15, 5, 24]

3 2600 11389.839299
[41, 8, 9, 10, 33, 43, 15, 5, 38, 37, 36, 49, 32, 34, 35, 20, 50, 29, 16, 44, 46, 24, 48, 26, 47, 23, 21, 31, 22, 18, 19, 45, 40, 39, 1, 3, 17, 42, 7, 2, 30, 11, 52, 13, 14, 27, 28, 12, 51, 25, 4, 6]

4 2600 10453.9025814
[51, 11, 12, 33, 43, 10, 9, 18, 3, 41, 8, 19, 45, 32, 49, 36, 34, 35, 39, 40, 38, 15, 4, 25, 6, 5, 37, 1, 22, 16, 50, 29, 30, 21, 17, 23, 20, 31, 7, 2, 42, 44, 24, 48, 46, 26, 47, 14, 52, 13, 27, 28]

5 2600 10208.9412019
[8, 9, 10, 19, 45, 40, 38, 24, 48, 37, 39, 49, 22, 31, 18, 32, 36, 34, 44, 35, 1, 23, 30, 42, 2, 7, 29, 20, 50, 16, 46, 5, 15, 6, 25, 26, 47, 14, 52, 13, 27, 28, 4, 43, 33, 51, 11, 12, 21, 17, 3, 41]

6 2600 10151.3865194
[23, 30, 29, 16, 44, 38, 37, 39, 36, 35, 34, 46, 26, 47, 14, 52, 13, 11, 51, 33, 43, 4, 15, 6, 5, 24, 48, 25, 12, 28, 27, 40, 45, 10, 9, 8, 41, 19, 7, 2, 42, 21, 17, 3, 18, 20, 50, 1, 49, 32, 22, 31]

7 2600 10560.1622692
[25, 12, 51, 11, 52, 14, 13, 27, 26, 16, 34, 35, 36, 20, 23, 31, 17, 3, 18, 22, 1, 49, 32, 43, 33, 4, 48, 24, 5, 6, 15, 38, 37, 44, 50, 21, 7, 2, 42, 30, 29, 47, 28, 46, 19, 41, 8, 9, 10, 45, 39, 40]

8 2600 10651.907214
[19, 45, 32, 49, 35, 34, 44, 25, 4, 6, 48, 24, 5, 15, 38, 37, 46, 47, 29, 16, 50, 20, 23, 30, 7, 2, 42, 21, 31, 17, 41, 8, 10, 12, 51, 11, 13, 14, 52, 27, 26, 28, 33, 9, 43, 40, 39, 36, 1, 22, 18, 3]

9 2600 10871.7676503
[49, 32, 19, 43, 33, 5, 36, 35, 34, 44, 48, 24, 38, 37, 39, 40, 15, 6, 25, 4, 12, 47, 13, 14, 52, 11, 51, 27, 26, 28, 46, 16, 21, 17, 3, 18, 31, 30, 42, 2, 7, 41, 8, 9, 10, 45, 22, 20, 29, 50, 23, 1]

10 2600 9018.34448517
[24, 48, 38, 39, 49, 22, 31, 21, 42, 7, 2, 17, 3, 18, 1, 35, 34, 44, 20, 23, 30, 29, 50, 16, 46, 37, 36, 32, 45, 19, 41, 8, 40, 6, 4, 25, 12, 28, 27, 26, 47, 14, 13, 52, 11, 51, 33, 9, 10, 43, 15, 5]

1 2600 10148.6213078
[23, 30, 2, 7, 42, 17, 18, 49, 39, 40, 38, 41, 8, 9, 10, 43, 33, 51, 11, 52, 27, 28, 47, 26, 13, 14, 12, 4, 24, 48, 25, 46, 44, 16, 29, 50, 20, 22, 1, 3, 19, 45, 32, 35, 34, 37, 5, 6, 15, 36, 31, 21]

2 2600 11080.1270358
[16, 46, 24, 5, 38, 40, 39, 36, 49, 3, 17, 41, 19, 37, 48, 26, 47, 13, 14, 52, 11, 12, 25, 6, 15, 8, 9, 43, 4, 28, 27, 51, 33, 10, 45, 32, 35, 34, 44, 50, 20, 22, 1, 18, 31, 21, 42, 2, 7, 30, 23, 29]

3 2600 11124.0197121
[35, 36, 49, 32, 18, 22, 1, 50, 16, 29, 30, 20, 23, 31, 21, 19, 41, 45, 39, 15, 40, 5, 11, 52, 14, 13, 47, 26, 46, 42, 2, 7, 17, 3, 8, 9, 10, 43, 33, 51, 4, 6, 25, 12, 27, 28, 48, 24, 38, 37, 44, 34]

4 2600 10794.1490694
[3, 31, 18, 21, 17, 7, 2, 42, 30, 23, 22, 1, 44, 25, 12, 4, 38, 37, 34, 35, 36, 49, 32, 45, 39, 40, 15, 6, 5, 24, 16, 20, 50, 43, 33, 51, 11, 52, 14, 13, 47, 29, 26, 27, 28, 46, 48, 41, 8, 9, 10, 19]

5 2600 11153.5922778
[6, 5, 40, 39, 49, 22, 1, 44, 46, 48, 24, 4, 12, 51, 33, 10, 9, 8, 41, 19, 45, 32, 31, 18, 3, 17, 21, 23, 35, 34, 37, 38, 25, 28, 27, 26, 29, 20, 50, 16, 13, 11, 52, 14, 47, 30, 2, 7, 42, 36, 43, 15]

6 2600 10194.6442919
[1, 35, 34, 39, 40, 15, 5, 38, 36, 49, 32, 45, 19, 9, 10, 43, 48, 46, 44, 16, 29, 50, 20, 37, 24, 6, 12, 51, 4, 25, 28, 27, 26, 47, 14, 13, 52, 11, 33, 8, 41, 23, 30, 2, 7, 42, 21, 17, 3, 22, 18, 31]

7 2600 10986.7938644
[40, 24, 6, 15, 38, 37, 36, 35, 34, 44, 49, 22, 18, 3, 45, 43, 33, 11, 52, 28, 12, 51, 25, 4, 5, 48, 46, 29, 16, 50, 20, 23, 31, 17, 7, 2, 42, 21, 30, 26, 27, 13, 14, 47, 19, 41, 8, 9, 10, 32, 1, 39]

8 2600 11396.6907828
[39, 40, 38, 15, 5, 48, 20, 23, 18, 3, 17, 21, 31, 1, 49, 36, 37, 6, 4, 43, 51, 12, 27, 26, 28, 25, 24, 46, 16, 44, 34, 35, 30, 7, 2, 42, 41, 8, 33, 11, 52, 14, 13, 47, 29, 50, 22, 32, 10, 9, 19, 45]

9 2600 11246.8873267
[22, 31, 21, 18, 3, 17, 7, 2, 42, 30, 23, 20, 50, 29, 25, 12, 11, 28, 27, 26, 6, 15, 5, 24, 48, 38, 37, 40, 39, 34, 44, 35, 36, 49, 43, 4, 16, 32, 19, 41, 8, 45, 46, 47, 13, 14, 52, 51, 33, 10, 9, 1]

10 2600 10546.5346408
[29, 47, 14, 52, 13, 26, 46, 16, 50, 31, 21, 18, 41, 19, 32, 36, 35, 34, 44, 38, 5, 15, 40, 39, 49, 1, 22, 23, 20, 37, 48, 24, 6, 4, 25, 12, 28, 27, 11, 51, 33, 43, 45, 3, 8, 10, 9, 17, 42, 7, 2, 30]

1 500 10916.4332312
[38, 37, 34, 1, 20, 31, 22, 32, 49, 35, 36, 39, 46, 16, 50, 23, 30, 17, 21, 42, 2, 7, 3, 18, 45, 9, 10, 8, 41, 19, 15, 48, 24, 4, 33, 43, 6, 25, 5, 51, 11, 27, 28, 12, 26, 13, 52, 14, 47, 29, 44, 40]

2 500 12088.5133898
[21, 31, 23, 20, 50, 34, 35, 36, 39, 38, 37, 44, 16, 46, 25, 48, 24, 40, 15, 5, 6, 12, 51, 11, 13, 27, 28, 4, 33, 43, 18, 22, 1, 29, 30, 9, 10, 47, 14, 52, 26, 49, 32, 45, 19, 41, 8, 3, 17, 2, 7, 42]

3 500 11528.677132
[27, 11, 13, 52, 14, 47, 26, 29, 30, 20, 50, 46, 48, 40, 39, 36, 34, 35, 1, 22, 32, 45, 43, 33, 9, 10, 8, 15, 6, 5, 19, 41, 17, 3, 23, 21, 42, 2, 7, 18, 31, 49, 37, 24, 12, 51, 25, 4, 38, 44, 16, 28]

4 500 11257.0233512
[4, 6, 24, 38, 40, 43, 45, 19, 41, 8, 9, 10, 21, 30, 29, 50, 44, 46, 34, 35, 39, 36, 1, 22, 37, 15, 5, 52, 11, 51, 33, 12, 28, 27, 26, 13, 14, 47, 2, 7, 42, 17, 3, 18, 32, 49, 31, 23, 20, 16, 48, 25]

5 500 13279.4745685
[19, 37, 44, 16, 46, 48, 24, 51, 33, 12, 28, 26, 4, 6, 15, 39, 36, 49, 22, 1, 35, 34, 38, 5, 25, 27, 47, 18, 3, 45, 13, 14, 52, 11, 43, 40, 32, 31, 7, 2, 42, 50, 29, 30, 20, 23, 21, 17, 8, 10, 9, 41]

6 500 11141.1849914
[44, 16, 29, 47, 26, 14, 52, 27, 28, 12, 25, 46, 34, 35, 39, 40, 38, 43, 15, 5, 24, 48, 37, 36, 49, 1, 22, 32, 20, 23, 30, 50, 13, 11, 51, 33, 10, 9, 45, 3, 21, 42, 2, 7, 17, 31, 18, 41, 8, 19, 4, 6]

7 500 10759.9885304
[36, 35, 34, 44, 46, 16, 20, 50, 32, 39, 40, 37, 38, 24, 5, 28, 26, 47, 27, 13, 14, 52, 11, 51, 12, 4, 25, 29, 2, 7, 42, 30, 23, 18, 8, 9, 10, 41, 45, 19, 33, 43, 49, 1, 22, 31, 17, 21, 3, 15, 6, 48]

8 500 10972.0817218
[13, 11, 33, 43, 39, 37, 34, 35, 1, 36, 40, 38, 24, 48, 46, 44, 16, 20, 50, 30, 23, 22, 31, 18, 32, 49, 45, 9, 10, 8, 41, 3, 19, 15, 5, 6, 4, 51, 12, 25, 29, 42, 7, 2, 17, 21, 47, 26, 28, 27, 52, 14]

9 500 11389.1859381
[3, 22, 1, 49, 36, 39, 40, 38, 24, 48, 35, 34, 25, 6, 5, 43, 33, 51, 12, 26, 27, 13, 14, 52, 11, 46, 16, 50, 44, 37, 20, 23, 21, 30, 29, 47, 28, 4, 15, 45, 41, 19, 10, 9, 8, 7, 2, 42, 17, 18, 32, 31]

10 500 11627.2319929
[21, 30, 29, 20, 50, 37, 40, 38, 24, 5, 15, 6, 46, 16, 49, 32, 22, 18, 31, 23, 1, 35, 36, 39, 10, 9, 19, 41, 3, 2, 7, 42, 17, 43, 33, 51, 11, 12, 26, 47, 27, 28, 13, 52, 14, 25, 4, 48, 34, 44, 45, 8]

1 500 11868.1087152
[42, 7, 2, 30, 23, 20, 16, 44, 46, 37, 34, 35, 39, 40, 36, 1, 17, 3, 18, 31, 29, 50, 22, 15, 43, 33, 51, 12, 27, 13, 52, 11, 28, 4, 6, 5, 38, 8, 41, 9, 10, 24, 48, 25, 47, 14, 26, 49, 32, 19, 45, 21]

2 500 10075.8523407
[36, 24, 48, 5, 6, 4, 46, 37, 38, 40, 39, 49, 32, 18, 45, 10, 8, 41, 19, 3, 17, 7, 2, 42, 21, 30, 50, 29, 16, 25, 12, 13, 52, 14, 47, 26, 27, 28, 11, 51, 33, 9, 43, 15, 34, 20, 23, 31, 22, 1, 44, 35]

3 500 11681.9283371
[49, 1, 22, 44, 35, 34, 37, 15, 4, 6, 5, 25, 28, 27, 52, 11, 51, 12, 46, 16, 23, 20, 50, 29, 30, 31, 18, 39, 36, 43, 33, 8, 41, 21, 42, 2, 7, 17, 3, 9, 10, 13, 14, 47, 26, 48, 24, 38, 40, 45, 19, 32]

4 500 11990.0199781
[37, 46, 29, 23, 8, 9, 10, 41, 49, 1, 35, 5, 15, 40, 39, 34, 44, 20, 50, 16, 25, 4, 6, 24, 38, 48, 36, 32, 3, 45, 19, 17, 7, 2, 21, 42, 30, 47, 14, 52, 27, 26, 28, 13, 11, 12, 51, 33, 43, 22, 31, 18]

5 500 10558.2386173
[31, 32, 49, 35, 40, 46, 26, 28, 11, 52, 14, 13, 27, 47, 29, 16, 44, 34, 36, 39, 37, 48, 24, 6, 4, 12, 51, 25, 38, 5, 15, 43, 33, 10, 9, 41, 21, 42, 7, 2, 23, 50, 20, 30, 1, 22, 17, 3, 45, 19, 8, 18]

6 500 11807.2607417
[48, 10, 9, 8, 41, 17, 42, 21, 18, 1, 34, 40, 15, 43, 33, 4, 6, 5, 24, 38, 39, 35, 32, 22, 23, 29, 20, 50, 30, 7, 2, 31, 49, 46, 25, 12, 51, 27, 26, 47, 52, 14, 13, 11, 28, 16, 44, 3, 19, 45, 36, 37]

7 500 11132.1022463
[35, 36, 39, 37, 40, 48, 24, 5, 38, 49, 1, 50, 20, 29, 16, 46, 4, 33, 43, 12, 27, 28, 51, 11, 52, 14, 13, 26, 47, 25, 41, 3, 31, 7, 2, 42, 17, 21, 18, 22, 32, 45, 10, 9, 8, 19, 23, 30, 44, 6, 15, 34]

8 500 10966.3583781
[34, 37, 24, 5, 6, 48, 38, 39, 36, 35, 32, 49, 44, 46, 15, 43, 33, 11, 52, 51, 12, 28, 26, 27, 13, 14, 47, 29, 50, 25, 4, 40, 17, 2, 7, 42, 21, 30, 20, 16, 45, 8, 9, 10, 41, 19, 22, 23, 31, 3, 18, 1]

9 500 12422.090834
[6, 15, 48, 46, 16, 50, 20, 23, 1, 31, 7, 42, 2, 17, 3, 38, 5, 4, 51, 25, 24, 34, 49, 32, 39, 40, 37, 35, 36, 10, 9, 8, 45, 44, 47, 26, 28, 12, 43, 33, 11, 27, 13, 52, 14, 29, 30, 21, 22, 18, 19, 41]

10 500 11577.3463027
[35, 44, 34, 24, 48, 5, 15, 43, 45, 19, 3, 18, 21, 31, 22, 49, 1, 30, 29, 20, 50, 16, 47, 26, 27, 14, 13, 52, 11, 12, 4, 25, 6, 9, 10, 8, 41, 46, 28, 51, 33, 38, 32, 17, 7, 2, 42, 23, 37, 40, 39, 36]

1 500 12185.6427212
[7, 2, 30, 29, 47, 26, 27, 28, 11, 51, 43, 33, 10, 9, 8, 41, 4, 6, 24, 48, 46, 34, 35, 36, 49, 32, 22, 23, 16, 20, 21, 42, 17, 31, 15, 25, 13, 14, 52, 12, 5, 18, 3, 19, 45, 1, 39, 40, 38, 37, 44, 50]

2 500 11777.4229928
[1, 35, 36, 38, 24, 48, 37, 5, 15, 41, 45, 32, 49, 39, 40, 34, 44, 51, 11, 52, 27, 12, 4, 6, 46, 16, 50, 22, 18, 3, 17, 21, 7, 2, 42, 29, 25, 28, 13, 14, 47, 26, 33, 43, 8, 10, 9, 19, 31, 23, 30, 20]

3 500 11021.3940115
[45, 36, 44, 49, 32, 22, 1, 40, 37, 39, 35, 34, 38, 24, 48, 5, 6, 15, 43, 4, 25, 12, 51, 11, 52, 27, 47, 14, 13, 28, 33, 10, 9, 8, 41, 19, 18, 42, 2, 7, 30, 20, 16, 50, 29, 26, 46, 3, 17, 21, 23, 31]

4 500 10931.4153525
[49, 34, 44, 12, 51, 52, 14, 13, 27, 26, 47, 46, 4, 6, 15, 48, 24, 36, 35, 1, 22, 31, 23, 20, 50, 29, 16, 5, 25, 28, 11, 33, 43, 18, 21, 30, 2, 7, 42, 17, 3, 38, 37, 40, 39, 10, 9, 41, 8, 19, 45, 32]

5 500 11432.2146973
[22, 18, 3, 17, 32, 49, 36, 35, 34, 5, 6, 4, 15, 40, 39, 24, 48, 25, 26, 13, 52, 14, 47, 29, 50, 30, 2, 7, 42, 21, 31, 1, 16, 27, 28, 51, 11, 12, 19, 41, 8, 43, 33, 10, 9, 45, 23, 20, 46, 38, 37, 44]

6 500 11484.2722974
[42, 23, 34, 35, 36, 39, 38, 4, 25, 28, 26, 47, 27, 13, 52, 14, 46, 6, 5, 15, 24, 48, 37, 49, 41, 19, 45, 33, 51, 11, 12, 44, 22, 18, 3, 32, 1, 31, 21, 17, 8, 9, 10, 43, 40, 20, 29, 16, 50, 30, 2, 7]

7 500 11833.3601673
[36, 39, 40, 34, 44, 46, 16, 29, 23, 20, 50, 37, 5, 12, 11, 51, 26, 47, 28, 4, 43, 45, 3, 19, 41, 8, 10, 9, 33, 6, 25, 27, 13, 52, 14, 30, 42, 2, 7, 17, 21, 31, 32, 24, 38, 48, 15, 49, 22, 18, 1, 35]

8 500 11158.8232119
[34, 21, 17, 3, 18, 32, 49, 39, 37, 44, 1, 22, 31, 23, 50, 20, 29, 16, 46, 25, 28, 47, 14, 52, 13, 27, 26, 12, 6, 4, 51, 11, 2, 7, 42, 30, 36, 35, 40, 38, 5, 15, 43, 33, 10, 9, 8, 41, 19, 45, 48, 24]

9 500 11087.1537358
[52, 13, 11, 33, 43, 38, 37, 24, 48, 46, 50, 29, 16, 44, 34, 35, 36, 49, 1, 32, 22, 18, 17, 30, 23, 20, 39, 40, 6, 15, 5, 25, 26, 27, 28, 12, 51, 4, 19, 45, 8, 9, 10, 41, 3, 31, 21, 7, 42, 2, 47, 14]

10 500 10837.9246939
[30, 2, 7, 17, 45, 10, 9, 8, 41, 19, 3, 31, 18, 32, 49, 40, 43, 4, 5, 24, 48, 37, 39, 34, 35, 36, 1, 22, 42, 21, 23, 44, 16, 50, 20, 29, 27, 13, 52, 14, 47, 26, 28, 11, 51, 33, 12, 25, 6, 15, 38, 46]

