1 2600 14063.876885 26

2 2600 13279.7457619 26

3 2600 12310.0521807 26

4 2600 13078.339782 26

5 2600 13145.6911143 26

6 2600 13408.8742044 26

7 2600 12583.5598358 26

8 2600 12716.0482787 26

9 2600 12553.4816144 26

10 2600 14064.8239533 26

1 2600 13871.4683551 26

2 2600 12095.4523097 26

3 2600 12124.8913539 26

4 2600 13154.1142561 26

5 2600 14383.8453709 26

6 2600 13683.2939928 26

7 2600 13313.3626638 26

8 2600 12203.8487166 26

9 2600 13548.3062256 26

10 2600 13390.0261844 26

1 500 16091.1723193 50

2 500 16423.2412701 50

3 500 16889.496594 50

4 500 17135.4070998 50

5 500 14771.5806208 50

6 500 15439.4389728 50

7 500 16562.3218022 50

8 500 16774.938786 50

9 500 16140.9459695 50

10 500 15844.6410788 50

1 500 16066.1748031 50

2 500 16042.6795319 50

3 500 16833.0857798 50

4 500 16506.1741559 50

5 500 17446.4487505 50

6 500 14781.5856572 50

7 500 16097.6891318 50

8 500 16729.5388426 50

9 500 15519.4188594 50

10 500 16285.4252164 50

