1 2600 14063.876885
[3, 17, 31, 21, 22, 18, 1, 40, 25, 51, 14, 13, 27, 29, 16, 28, 26, 47, 52, 11, 50, 42, 7, 2, 30, 9, 10, 19, 49, 32, 8, 41, 45, 20, 23, 46, 37, 24, 6, 5, 15, 4, 38, 48, 12, 33, 43, 35, 36, 34, 44, 39]

2 2600 13279.7457619
[2, 7, 30, 23, 29, 16, 22, 20, 46, 41, 19, 8, 4, 11, 52, 14, 26, 44, 50, 31, 18, 42, 17, 3, 32, 49, 1, 24, 48, 37, 34, 36, 5, 15, 38, 25, 51, 12, 28, 27, 13, 47, 39, 35, 40, 6, 43, 33, 10, 9, 45, 21]

3 2600 12310.0521807
[34, 37, 36, 15, 38, 46, 21, 2, 7, 42, 30, 35, 39, 40, 6, 25, 48, 5, 24, 4, 51, 12, 49, 17, 3, 45, 19, 43, 8, 10, 9, 33, 11, 52, 14, 13, 47, 27, 28, 26, 16, 44, 32, 41, 22, 1, 23, 18, 31, 29, 20, 50]

4 2600 13078.339782
[14, 13, 12, 51, 10, 9, 33, 28, 11, 26, 18, 17, 3, 8, 41, 19, 45, 44, 36, 6, 46, 16, 29, 30, 42, 7, 2, 50, 35, 49, 1, 32, 39, 37, 23, 20, 21, 31, 22, 40, 38, 48, 24, 15, 5, 34, 43, 4, 25, 27, 47, 52]

5 2600 13145.6911143
[44, 21, 30, 29, 47, 13, 14, 52, 27, 4, 40, 34, 49, 32, 3, 19, 41, 33, 51, 11, 12, 25, 6, 24, 50, 16, 1, 23, 20, 31, 8, 9, 10, 43, 38, 39, 37, 15, 5, 36, 35, 22, 45, 18, 7, 2, 42, 17, 48, 28, 26, 46]

6 2600 13408.8742044
[50, 34, 36, 39, 44, 40, 5, 24, 46, 47, 52, 14, 13, 11, 12, 26, 27, 37, 48, 4, 43, 9, 10, 8, 6, 25, 15, 35, 19, 41, 21, 42, 2, 7, 18, 1, 38, 28, 51, 33, 23, 30, 29, 16, 49, 32, 45, 3, 17, 31, 22, 20]

7 2600 12583.5598358
[40, 44, 26, 28, 24, 48, 39, 35, 34, 38, 16, 29, 46, 23, 1, 22, 18, 31, 3, 32, 37, 10, 9, 17, 7, 2, 42, 21, 20, 50, 30, 41, 19, 8, 45, 49, 36, 43, 33, 27, 13, 14, 47, 52, 11, 51, 12, 25, 5, 15, 4, 6]

8 2600 12716.0482787
[26, 11, 51, 5, 25, 6, 39, 50, 23, 3, 17, 21, 30, 29, 16, 20, 34, 40, 15, 38, 35, 49, 19, 8, 32, 44, 1, 22, 18, 42, 7, 2, 31, 36, 4, 48, 24, 37, 46, 47, 14, 13, 52, 27, 12, 33, 10, 9, 41, 45, 43, 28]

9 2600 12553.4816144
[37, 34, 35, 39, 9, 10, 33, 51, 12, 14, 47, 20, 42, 7, 2, 29, 16, 40, 15, 5, 38, 44, 1, 49, 32, 36, 25, 11, 52, 13, 27, 26, 28, 46, 50, 31, 3, 8, 19, 41, 45, 22, 23, 30, 17, 21, 18, 43, 4, 6, 24, 48]

10 2600 14064.8239533
[5, 4, 6, 25, 27, 14, 13, 12, 38, 49, 1, 18, 35, 8, 9, 10, 45, 19, 41, 31, 23, 50, 44, 24, 48, 15, 26, 47, 16, 46, 37, 22, 17, 3, 32, 40, 51, 11, 52, 28, 21, 2, 7, 42, 30, 29, 20, 43, 33, 34, 36, 39]

1 2600 13871.4683551
[10, 8, 41, 2, 7, 42, 30, 29, 20, 36, 40, 38, 28, 12, 13, 52, 14, 46, 21, 17, 18, 32, 22, 37, 39, 34, 5, 6, 48, 24, 15, 27, 26, 47, 23, 31, 3, 19, 35, 16, 50, 1, 49, 45, 33, 51, 11, 25, 44, 4, 43, 9]

2 2600 12095.4523097
[27, 12, 25, 46, 44, 36, 20, 23, 18, 3, 17, 21, 31, 1, 49, 32, 22, 45, 19, 39, 16, 29, 50, 8, 41, 9, 10, 33, 35, 34, 37, 38, 28, 26, 47, 2, 7, 42, 30, 40, 5, 48, 24, 6, 15, 4, 43, 51, 11, 13, 14, 52]

3 2600 12124.8913539
[22, 1, 45, 10, 9, 8, 41, 19, 3, 17, 42, 7, 2, 30, 23, 44, 35, 27, 13, 47, 48, 38, 24, 28, 26, 37, 39, 49, 32, 36, 40, 15, 25, 12, 46, 16, 50, 34, 5, 6, 4, 43, 33, 51, 11, 52, 14, 29, 20, 31, 18, 21]

4 2600 13154.1142561
[23, 20, 18, 22, 31, 21, 30, 26, 27, 28, 12, 51, 11, 52, 47, 29, 32, 1, 16, 46, 15, 6, 14, 13, 25, 24, 36, 34, 48, 40, 35, 38, 37, 39, 49, 19, 8, 10, 33, 9, 41, 3, 45, 43, 4, 5, 44, 50, 42, 7, 2, 17]

5 2600 14383.8453709
[37, 44, 35, 1, 49, 51, 33, 43, 10, 9, 17, 45, 40, 6, 4, 15, 46, 16, 20, 7, 42, 23, 11, 28, 14, 52, 13, 27, 12, 25, 50, 29, 30, 2, 21, 31, 3, 18, 32, 34, 5, 38, 39, 24, 48, 26, 47, 22, 19, 8, 41, 36]

6 2600 13683.2939928
[30, 16, 47, 29, 23, 49, 39, 40, 38, 33, 43, 45, 19, 22, 20, 50, 18, 3, 41, 8, 9, 10, 36, 37, 28, 11, 51, 4, 15, 6, 25, 35, 32, 7, 42, 2, 31, 1, 34, 44, 46, 48, 24, 5, 12, 27, 52, 14, 13, 26, 21, 17]

7 2600 13313.3626638
[18, 35, 38, 25, 4, 40, 29, 30, 31, 20, 23, 32, 8, 33, 51, 11, 52, 12, 6, 5, 1, 50, 21, 42, 2, 7, 17, 3, 19, 45, 36, 34, 16, 44, 39, 37, 46, 48, 24, 22, 49, 47, 13, 27, 14, 26, 28, 15, 43, 10, 9, 41]

8 2600 12203.8487166
[49, 50, 20, 44, 37, 29, 2, 7, 42, 23, 30, 21, 31, 1, 34, 16, 39, 36, 35, 3, 17, 18, 22, 32, 40, 5, 24, 8, 10, 9, 41, 19, 6, 48, 38, 15, 4, 25, 47, 14, 52, 11, 51, 33, 12, 13, 27, 26, 28, 46, 43, 45]

9 2600 13548.3062256
[31, 18, 39, 40, 8, 10, 12, 11, 52, 14, 27, 28, 46, 43, 9, 45, 19, 6, 4, 48, 5, 15, 37, 36, 49, 32, 3, 22, 1, 34, 35, 44, 50, 29, 16, 24, 38, 20, 30, 7, 2, 42, 23, 21, 17, 41, 33, 51, 26, 47, 13, 25]

10 2600 13390.0261844
[51, 3, 18, 17, 2, 21, 30, 42, 7, 23, 22, 44, 16, 48, 15, 5, 40, 1, 49, 32, 31, 20, 50, 29, 47, 26, 25, 46, 35, 34, 43, 10, 9, 8, 41, 19, 39, 24, 4, 6, 14, 52, 13, 27, 11, 33, 45, 36, 38, 37, 28, 12]

