1 2600 12189.9815963 26

2 2600 11309.3102817 26

3 2600 11953.1254326 26

4 2600 13411.7823755 26

5 2600 12793.410791 26

6 2600 10776.0073514 26

7 2600 11199.312896 26

8 2600 10973.3587772 26

9 2600 12509.0089059 26

1 2600 11934.4419553 26

2 2600 10286.9283892 26

3 2600 11466.4623848 26

4 2600 11366.2537583 26

5 2600 12321.6173889 26

6 2600 12300.6228641 26

7 2600 11625.5873119 26

8 2600 10143.3169015 26

9 2600 11902.0044331 26

10 2600 12647.0153438 26

1 2600 11318.1461778 26

2 2600 11274.0014134 26

3 2600 11399.6739245 26

4 2600 11173.9963455 26

5 2600 12189.5851862 26

6 2600 11233.5634345 26

7 2600 11526.0839062 26

8 2600 10448.439658 26

9 2600 10339.0038145 26

10 2600 11409.918124 26

1 500 12653.8004875 50

2 500 13570.6547994 50

3 500 12774.6457122 50

4 500 12940.1914565 50

5 500 12430.2959544 50

6 500 12822.6676039 50

7 500 14273.1745941 50

8 500 12890.2033015 50

9 500 13186.2289762 50

10 500 13510.9127142 50

1 500 13219.7106858 50

2 500 13009.136804 50

3 500 13576.7648867 50

4 500 12567.510361 50

5 500 12700.6895786 50

6 500 14607.4845549 50

7 500 11965.3604721 50

8 500 12830.4411683 50

9 500 11960.394292 50

10 500 11966.8716091 50

1 500 13817.8171763 50

2 500 13600.2315744 50

3 500 13939.2934259 50

4 500 13633.7330654 50

5 500 11714.1862677 50

6 500 13041.3667874 50

7 500 14086.8023323 50

8 500 13231.7547034 50

9 500 14715.7914219 50

10 500 12066.7039623 50

1 500 12837.0800204 50

2 500 11601.1904562 50

3 500 11448.553901 50

4 500 14139.5631906 50

5 500 13422.4172298 50

6 500 12660.9726719 50

7 500 12964.2555337 50

8 500 13373.2248235 50

9 500 13390.2867431 50

10 500 11817.3997205 50

