1 2600 12189.9815963
[3, 9, 10, 13, 14, 52, 11, 33, 4, 15, 5, 40, 39, 49, 21, 31, 1, 24, 48, 28, 27, 26, 47, 29, 50, 16, 44, 46, 37, 38, 6, 25, 12, 51, 43, 23, 42, 7, 2, 30, 20, 35, 34, 36, 32, 19, 8, 41, 45, 22, 18, 17]

2 2600 11309.3102817
[39, 37, 35, 36, 40, 38, 10, 33, 43, 15, 5, 24, 48, 46, 25, 28, 27, 13, 26, 47, 30, 2, 7, 42, 17, 21, 29, 14, 52, 11, 51, 12, 4, 6, 49, 32, 45, 19, 8, 9, 41, 3, 1, 44, 16, 23, 20, 50, 31, 22, 18, 34]

3 2600 11953.1254326
[32, 49, 35, 44, 16, 46, 42, 2, 7, 17, 41, 8, 19, 45, 15, 6, 5, 48, 40, 20, 50, 31, 21, 23, 30, 29, 47, 25, 4, 38, 1, 22, 3, 18, 24, 12, 28, 26, 27, 11, 13, 14, 52, 51, 33, 10, 9, 43, 34, 37, 39, 36]

4 2600 13411.7823755
[7, 42, 23, 20, 37, 5, 38, 15, 43, 48, 24, 4, 26, 52, 11, 12, 31, 21, 17, 3, 18, 45, 36, 34, 35, 44, 1, 22, 32, 49, 40, 39, 16, 46, 19, 41, 8, 9, 10, 33, 27, 13, 14, 47, 29, 30, 50, 25, 28, 51, 6, 2]

5 2600 12793.410791
[49, 45, 9, 8, 19, 32, 39, 15, 6, 43, 41, 10, 33, 51, 28, 27, 25, 2, 7, 42, 31, 22, 1, 44, 50, 20, 16, 46, 4, 12, 11, 52, 13, 26, 29, 47, 14, 30, 23, 21, 17, 3, 18, 35, 36, 48, 24, 5, 38, 40, 37, 34]

6 2600 10776.0073514
[46, 16, 29, 47, 28, 25, 43, 19, 45, 32, 49, 40, 37, 34, 35, 39, 36, 1, 22, 31, 17, 23, 48, 5, 24, 38, 15, 6, 4, 44, 50, 20, 30, 7, 2, 42, 21, 18, 3, 8, 41, 10, 9, 33, 11, 52, 14, 13, 26, 27, 51, 12]

7 2600 11199.312896
[49, 35, 36, 39, 40, 38, 5, 6, 1, 22, 31, 21, 17, 7, 2, 42, 30, 29, 25, 43, 33, 51, 11, 52, 14, 13, 27, 28, 15, 45, 8, 19, 4, 12, 26, 47, 46, 44, 16, 50, 20, 23, 34, 48, 24, 37, 18, 3, 10, 9, 41, 32]

8 2600 10973.3587772
[23, 22, 31, 21, 7, 2, 42, 50, 29, 47, 52, 11, 51, 12, 25, 33, 43, 37, 44, 16, 28, 13, 14, 27, 26, 46, 34, 45, 10, 9, 8, 41, 19, 3, 17, 18, 32, 36, 39, 40, 38, 24, 48, 15, 5, 4, 6, 35, 49, 1, 20, 30]

9 2600 12509.0089059
[47, 26, 44, 22, 3, 17, 18, 49, 36, 35, 34, 37, 38, 15, 5, 40, 39, 1, 20, 50, 16, 46, 48, 24, 6, 25, 27, 13, 52, 14, 29, 23, 30, 12, 28, 11, 51, 33, 43, 4, 31, 42, 2, 7, 21, 10, 9, 8, 41, 19, 45, 32]

1 2600 11934.4419553
[5, 6, 28, 27, 13, 14, 52, 11, 33, 10, 9, 19, 45, 32, 22, 18, 31, 39, 40, 15, 38, 34, 35, 1, 49, 36, 37, 44, 16, 29, 47, 26, 43, 41, 8, 23, 50, 30, 20, 46, 25, 12, 51, 4, 3, 17, 7, 2, 42, 21, 48, 24]

2 2600 10286.9283892
[4, 28, 27, 13, 14, 52, 11, 51, 33, 12, 26, 47, 29, 16, 50, 20, 31, 18, 32, 45, 43, 10, 9, 8, 41, 19, 3, 17, 24, 25, 46, 48, 38, 40, 37, 34, 44, 30, 7, 2, 42, 21, 23, 22, 36, 49, 1, 35, 39, 5, 6, 15]

3 2600 11466.4623848
[52, 14, 13, 27, 25, 6, 15, 5, 46, 47, 26, 29, 30, 3, 17, 7, 2, 42, 21, 1, 35, 34, 44, 16, 50, 20, 23, 36, 39, 38, 43, 10, 9, 8, 41, 19, 45, 4, 12, 11, 51, 33, 24, 48, 37, 40, 49, 32, 18, 31, 22, 28]

4 2600 11366.2537583
[29, 16, 44, 35, 1, 22, 9, 10, 36, 34, 38, 4, 6, 25, 12, 51, 11, 52, 27, 28, 26, 13, 14, 47, 48, 24, 5, 15, 40, 45, 19, 8, 41, 31, 17, 3, 21, 42, 7, 2, 30, 46, 37, 39, 32, 49, 43, 33, 18, 23, 20, 50]

5 2600 12321.6173889
[47, 14, 13, 26, 29, 30, 2, 7, 23, 45, 8, 9, 10, 43, 4, 6, 15, 5, 48, 24, 38, 40, 37, 39, 36, 22, 31, 21, 42, 17, 3, 41, 19, 18, 35, 34, 28, 27, 44, 16, 46, 25, 12, 11, 52, 51, 33, 32, 49, 1, 20, 50]

6 2600 12300.6228641
[32, 22, 23, 30, 20, 34, 5, 4, 51, 11, 12, 25, 46, 16, 50, 29, 26, 27, 48, 37, 39, 35, 36, 1, 31, 42, 2, 7, 18, 41, 19, 45, 40, 38, 43, 33, 10, 9, 8, 3, 17, 21, 24, 15, 6, 28, 52, 14, 13, 47, 44, 49]

7 2600 11625.5873119
[11, 52, 14, 13, 47, 2, 7, 42, 30, 29, 20, 21, 31, 32, 38, 6, 4, 50, 23, 8, 9, 10, 45, 22, 1, 40, 43, 33, 15, 5, 24, 48, 37, 35, 49, 18, 17, 3, 41, 19, 39, 36, 34, 44, 16, 46, 26, 27, 28, 25, 12, 51]

8 2600 10143.3169015
[9, 10, 33, 43, 15, 48, 46, 26, 47, 13, 14, 52, 11, 51, 12, 25, 34, 1, 22, 31, 42, 2, 7, 21, 30, 29, 16, 28, 27, 4, 6, 24, 44, 20, 50, 23, 18, 17, 3, 32, 49, 39, 40, 5, 38, 37, 35, 36, 45, 19, 41, 8]

9 2600 11902.0044331
[50, 20, 23, 34, 39, 33, 11, 52, 27, 46, 6, 43, 10, 9, 8, 3, 18, 22, 1, 49, 35, 36, 40, 38, 24, 48, 44, 30, 2, 7, 42, 17, 21, 31, 32, 45, 19, 41, 25, 28, 12, 51, 4, 15, 5, 37, 16, 29, 47, 14, 13, 26]

10 2600 12647.0153438
[37, 36, 35, 49, 19, 45, 40, 5, 6, 4, 15, 32, 22, 31, 18, 17, 3, 21, 23, 16, 47, 26, 46, 34, 44, 50, 20, 30, 9, 10, 33, 51, 43, 41, 8, 25, 12, 28, 27, 11, 52, 14, 13, 29, 7, 2, 42, 1, 39, 38, 24, 48]

1 2600 11318.1461778
[23, 31, 18, 22, 1, 34, 36, 10, 9, 43, 12, 13, 14, 52, 11, 51, 33, 3, 17, 7, 2, 42, 30, 21, 35, 38, 40, 37, 24, 48, 39, 44, 20, 50, 46, 6, 5, 15, 16, 29, 47, 26, 27, 28, 25, 4, 45, 19, 41, 8, 32, 49]

2 2600 11274.0014134
[25, 28, 27, 26, 29, 30, 42, 2, 7, 18, 3, 17, 21, 22, 1, 32, 19, 45, 43, 33, 51, 4, 24, 48, 12, 11, 52, 14, 13, 47, 20, 23, 31, 49, 39, 5, 6, 15, 10, 9, 41, 8, 40, 38, 37, 46, 16, 50, 44, 35, 36, 34]

3 2600 11399.6739245
[10, 9, 8, 7, 2, 42, 23, 30, 17, 3, 41, 19, 45, 32, 22, 20, 50, 29, 14, 52, 11, 51, 33, 25, 48, 18, 21, 31, 1, 35, 44, 34, 49, 36, 39, 40, 15, 6, 4, 12, 28, 13, 27, 26, 47, 16, 46, 37, 24, 5, 38, 43]

4 2600 11173.9963455
[19, 10, 15, 24, 6, 4, 33, 11, 52, 13, 14, 26, 47, 29, 16, 44, 48, 25, 28, 27, 51, 12, 46, 50, 20, 30, 23, 32, 45, 3, 17, 7, 2, 42, 21, 22, 34, 37, 38, 5, 40, 39, 35, 1, 31, 18, 49, 36, 43, 9, 8, 41]

5 2600 12189.5851862
[4, 43, 15, 6, 24, 26, 47, 1, 31, 18, 3, 49, 38, 40, 39, 36, 35, 44, 16, 29, 30, 50, 48, 5, 37, 34, 21, 42, 2, 7, 17, 41, 8, 19, 45, 32, 22, 23, 20, 46, 12, 11, 33, 9, 10, 51, 52, 14, 13, 27, 28, 25]

6 2600 11233.5634345
[22, 49, 36, 6, 4, 15, 5, 24, 48, 44, 20, 50, 34, 39, 40, 35, 23, 30, 29, 1, 18, 19, 41, 45, 38, 37, 46, 26, 47, 16, 32, 8, 9, 10, 43, 33, 11, 52, 14, 13, 27, 28, 12, 51, 25, 3, 17, 2, 7, 42, 21, 31]

7 2600 11526.0839062
[30, 23, 35, 34, 38, 5, 15, 45, 41, 32, 49, 36, 24, 48, 37, 44, 50, 20, 16, 46, 40, 39, 18, 17, 7, 2, 42, 21, 1, 22, 29, 47, 13, 14, 52, 11, 4, 43, 10, 9, 33, 51, 12, 28, 27, 26, 25, 6, 8, 19, 3, 31]

8 2600 10448.439658
[50, 1, 22, 18, 3, 17, 7, 2, 42, 30, 29, 16, 44, 32, 19, 45, 46, 47, 26, 28, 35, 49, 36, 24, 48, 5, 6, 15, 38, 40, 39, 34, 37, 25, 12, 27, 13, 14, 52, 11, 51, 33, 4, 43, 10, 9, 8, 41, 31, 23, 21, 20]

9 2600 10339.0038145
[27, 28, 12, 25, 4, 6, 15, 43, 33, 51, 11, 52, 13, 14, 47, 29, 23, 17, 3, 41, 8, 45, 18, 31, 21, 42, 7, 2, 30, 50, 44, 1, 22, 19, 9, 10, 32, 49, 39, 36, 35, 37, 38, 5, 24, 16, 20, 34, 40, 48, 46, 26]

10 2600 11409.918124
[26, 13, 14, 47, 29, 42, 7, 2, 30, 20, 50, 16, 24, 5, 15, 4, 6, 25, 46, 44, 48, 38, 37, 36, 39, 40, 34, 35, 49, 32, 3, 18, 33, 51, 52, 11, 27, 28, 12, 43, 9, 10, 19, 8, 41, 45, 22, 1, 31, 17, 21, 23]

