1 2600 11686.0890919
[8, 41, 32, 39, 38, 15, 5, 24, 40, 45, 19, 3, 17, 21, 42, 7, 2, 30, 28, 11, 52, 14, 47, 29, 20, 23, 16, 44, 34, 46, 27, 13, 26, 50, 31, 18, 22, 1, 49, 36, 35, 37, 48, 6, 4, 43, 10, 9, 33, 51, 12, 25]

2 2600 10232.583784
[27, 28, 44, 17, 3, 19, 45, 38, 24, 48, 37, 34, 35, 1, 22, 18, 31, 23, 20, 50, 30, 21, 42, 7, 2, 29, 16, 47, 26, 13, 14, 52, 11, 51, 33, 10, 9, 8, 41, 32, 49, 36, 39, 40, 46, 25, 4, 6, 5, 15, 43, 12]

3 2600 11903.1244874
[6, 5, 38, 39, 37, 24, 4, 28, 12, 25, 48, 32, 19, 3, 17, 31, 23, 34, 26, 14, 52, 13, 46, 1, 22, 49, 36, 35, 16, 29, 47, 27, 11, 51, 33, 43, 40, 44, 50, 20, 30, 2, 7, 42, 21, 18, 10, 9, 8, 41, 45, 15]

4 2600 12050.4818664
[22, 6, 11, 52, 14, 47, 29, 26, 28, 27, 13, 12, 4, 43, 8, 41, 17, 21, 30, 20, 37, 38, 24, 5, 15, 48, 46, 44, 16, 50, 23, 31, 19, 45, 32, 49, 1, 34, 35, 36, 39, 40, 25, 51, 33, 10, 9, 3, 7, 2, 42, 18]

5 2600 11448.388529
[40, 36, 35, 34, 5, 6, 4, 24, 48, 37, 46, 25, 12, 51, 11, 52, 14, 29, 30, 2, 7, 42, 17, 41, 43, 33, 28, 26, 27, 13, 47, 16, 23, 21, 18, 3, 19, 32, 49, 1, 22, 45, 39, 44, 50, 20, 31, 8, 9, 10, 15, 38]

6 2600 11140.96962
[44, 16, 29, 30, 41, 8, 15, 4, 25, 6, 24, 48, 46, 47, 13, 14, 52, 11, 27, 26, 28, 12, 51, 33, 43, 5, 38, 39, 34, 35, 36, 18, 31, 22, 1, 32, 45, 19, 3, 23, 20, 50, 49, 10, 9, 17, 7, 2, 42, 21, 40, 37]

7 2600 11466.2680826
[26, 10, 9, 33, 51, 6, 5, 15, 45, 32, 22, 31, 1, 46, 47, 13, 14, 52, 11, 12, 24, 48, 37, 21, 42, 2, 7, 17, 3, 18, 23, 20, 50, 30, 29, 16, 44, 34, 35, 38, 40, 39, 36, 49, 19, 41, 8, 43, 4, 25, 28, 27]

8 2600 11048.9116017
[48, 24, 38, 39, 45, 31, 30, 42, 2, 7, 17, 40, 5, 15, 43, 51, 11, 13, 47, 29, 16, 34, 19, 41, 8, 9, 10, 33, 52, 14, 26, 27, 28, 12, 25, 4, 6, 37, 35, 36, 49, 32, 1, 22, 18, 3, 21, 23, 20, 50, 44, 46]

9 2600 12483.6428154
[25, 28, 26, 29, 30, 21, 43, 33, 51, 52, 11, 12, 44, 16, 50, 20, 23, 22, 18, 1, 49, 37, 24, 48, 5, 15, 40, 39, 42, 2, 7, 17, 31, 3, 41, 8, 10, 9, 19, 36, 35, 34, 46, 47, 14, 13, 27, 6, 38, 32, 45, 4]

10 2600 12227.0253599
[22, 32, 49, 1, 14, 52, 10, 9, 8, 41, 19, 17, 3, 18, 31, 45, 15, 5, 46, 16, 44, 34, 35, 37, 48, 24, 6, 4, 43, 33, 51, 11, 12, 29, 30, 2, 7, 42, 21, 47, 26, 13, 27, 28, 25, 38, 40, 39, 36, 50, 20, 23]

1 2600 10501.3668179
[34, 36, 8, 9, 10, 43, 15, 5, 24, 48, 38, 6, 4, 51, 12, 25, 46, 44, 50, 20, 30, 23, 31, 18, 22, 1, 21, 7, 2, 42, 17, 3, 45, 19, 41, 33, 11, 52, 14, 13, 47, 29, 16, 26, 27, 28, 37, 40, 39, 32, 49, 35]

2 2600 10873.2595244
[47, 13, 14, 52, 11, 51, 12, 28, 4, 6, 48, 24, 50, 20, 30, 23, 44, 49, 1, 21, 42, 7, 2, 29, 16, 46, 25, 10, 9, 8, 3, 17, 18, 22, 31, 32, 41, 19, 45, 40, 38, 5, 15, 33, 43, 39, 36, 35, 34, 37, 27, 26]

3 2600 11506.2573901
[28, 25, 6, 5, 49, 18, 3, 17, 7, 2, 42, 23, 22, 44, 16, 29, 47, 26, 46, 48, 37, 34, 35, 36, 39, 40, 38, 4, 43, 10, 9, 8, 41, 19, 45, 32, 1, 31, 21, 30, 27, 13, 14, 52, 11, 50, 20, 24, 15, 33, 51, 12]

4 2600 11417.0067147
[21, 31, 1, 36, 35, 34, 37, 4, 12, 28, 14, 52, 11, 51, 41, 18, 23, 50, 29, 16, 46, 47, 13, 27, 26, 25, 24, 48, 44, 20, 30, 22, 32, 49, 43, 33, 10, 9, 8, 19, 45, 39, 40, 38, 5, 6, 15, 3, 17, 7, 2, 42]

5 2600 10622.8859363
[51, 33, 43, 15, 6, 5, 45, 8, 19, 22, 1, 49, 36, 39, 40, 38, 44, 16, 30, 2, 7, 42, 17, 3, 41, 9, 10, 21, 23, 20, 50, 29, 47, 26, 13, 14, 52, 11, 27, 28, 12, 46, 34, 35, 32, 18, 31, 37, 48, 24, 4, 25]

6 2600 10940.6282969
[5, 6, 15, 40, 39, 37, 34, 35, 36, 18, 2, 7, 42, 20, 26, 28, 27, 47, 13, 14, 52, 11, 51, 12, 25, 32, 49, 45, 19, 22, 1, 44, 48, 24, 38, 46, 16, 50, 29, 30, 23, 21, 31, 17, 3, 4, 43, 33, 10, 9, 8, 41]

7 2600 12011.7528472
[36, 9, 10, 33, 43, 40, 39, 45, 19, 8, 41, 3, 22, 1, 32, 35, 34, 37, 4, 51, 11, 52, 14, 16, 50, 20, 30, 29, 47, 28, 12, 25, 5, 24, 38, 48, 46, 26, 13, 27, 6, 15, 49, 23, 31, 18, 17, 21, 42, 7, 2, 44]

8 2600 10559.669389
[51, 11, 13, 14, 52, 27, 26, 47, 29, 34, 35, 36, 39, 40, 43, 45, 19, 3, 18, 22, 1, 44, 46, 48, 24, 5, 6, 4, 15, 38, 37, 49, 32, 8, 41, 31, 21, 17, 42, 7, 2, 30, 23, 20, 50, 16, 25, 28, 12, 10, 9, 33]

9 2600 12700.1221462
[48, 38, 4, 43, 33, 10, 9, 8, 41, 19, 45, 36, 35, 44, 46, 12, 25, 37, 31, 7, 2, 17, 32, 49, 1, 22, 18, 3, 39, 40, 28, 26, 27, 13, 52, 14, 47, 29, 42, 21, 34, 51, 11, 50, 20, 30, 23, 16, 24, 6, 15, 5]

10 2600 11788.7075174
[43, 45, 19, 18, 31, 17, 3, 10, 9, 8, 41, 40, 25, 28, 48, 37, 35, 1, 22, 23, 21, 20, 50, 16, 44, 34, 36, 42, 7, 2, 30, 29, 47, 14, 52, 26, 46, 49, 32, 39, 38, 24, 6, 4, 15, 5, 12, 27, 13, 11, 51, 33]

1 500 12357.6823379
[46, 48, 3, 17, 8, 9, 10, 41, 49, 1, 35, 39, 40, 37, 38, 24, 5, 15, 6, 4, 12, 28, 26, 14, 52, 11, 51, 25, 44, 22, 18, 21, 2, 7, 30, 23, 20, 29, 50, 34, 36, 43, 33, 45, 19, 32, 31, 42, 16, 47, 13, 27]

2 500 14009.1549868
[10, 9, 8, 41, 11, 13, 27, 42, 7, 2, 47, 26, 14, 52, 28, 46, 18, 3, 19, 45, 15, 5, 48, 38, 1, 31, 49, 22, 30, 21, 17, 32, 25, 12, 4, 6, 40, 23, 50, 20, 29, 16, 44, 37, 34, 35, 36, 39, 24, 51, 33, 43]

3 500 13044.9890204
[19, 8, 45, 37, 15, 30, 42, 22, 49, 40, 34, 35, 31, 23, 29, 47, 14, 13, 28, 12, 25, 9, 10, 33, 51, 11, 52, 27, 26, 24, 48, 44, 16, 50, 20, 7, 2, 17, 21, 1, 36, 39, 32, 18, 3, 41, 43, 4, 6, 5, 46, 38]

4 500 12243.6263029
[43, 37, 40, 5, 24, 48, 25, 28, 26, 47, 13, 14, 52, 27, 11, 51, 12, 16, 49, 36, 34, 39, 8, 10, 45, 35, 44, 1, 3, 9, 41, 31, 23, 29, 7, 2, 42, 21, 17, 18, 19, 32, 22, 50, 20, 30, 46, 38, 6, 4, 15, 33]

5 500 14139.7133028
[11, 33, 10, 8, 1, 23, 39, 6, 15, 4, 43, 35, 34, 24, 5, 48, 46, 28, 27, 52, 13, 26, 29, 45, 19, 41, 9, 40, 38, 37, 50, 20, 42, 7, 2, 21, 36, 32, 49, 31, 22, 14, 47, 16, 30, 17, 3, 18, 44, 25, 12, 51]

6 500 11871.6452807
[7, 2, 21, 18, 17, 22, 37, 48, 6, 12, 27, 26, 47, 24, 38, 41, 8, 9, 10, 32, 36, 39, 40, 45, 19, 3, 31, 30, 20, 50, 16, 44, 34, 5, 15, 43, 33, 4, 25, 51, 11, 13, 14, 52, 28, 46, 35, 49, 1, 23, 29, 42]

1 500 11189.601081
[6, 4, 15, 22, 3, 17, 20, 2, 7, 42, 30, 29, 50, 34, 39, 38, 5, 26, 27, 28, 12, 25, 46, 44, 35, 40, 43, 10, 9, 41, 8, 19, 18, 31, 21, 23, 1, 32, 45, 49, 36, 37, 48, 16, 47, 13, 14, 52, 11, 51, 33, 24]

2 500 13007.1629413
[8, 41, 19, 39, 40, 36, 42, 17, 22, 34, 37, 48, 5, 35, 49, 1, 23, 30, 2, 7, 21, 18, 32, 46, 47, 13, 14, 52, 11, 4, 25, 16, 29, 20, 50, 44, 24, 28, 27, 26, 31, 3, 45, 15, 38, 6, 51, 12, 33, 43, 9, 10]

3 500 12578.3177194
[50, 20, 29, 2, 7, 42, 17, 49, 37, 44, 32, 36, 40, 39, 23, 30, 21, 33, 51, 11, 52, 14, 25, 4, 48, 5, 15, 38, 34, 35, 1, 22, 45, 19, 43, 10, 9, 8, 41, 3, 31, 6, 12, 28, 27, 13, 47, 26, 24, 46, 16, 18]

4 500 12343.772029
[30, 23, 7, 42, 29, 47, 14, 13, 52, 11, 12, 28, 27, 26, 4, 24, 48, 5, 38, 49, 18, 21, 17, 31, 22, 44, 39, 40, 9, 10, 15, 6, 43, 33, 51, 25, 34, 35, 36, 37, 46, 16, 50, 1, 32, 3, 45, 19, 8, 41, 20, 2]

5 500 14077.2433792
[11, 13, 26, 47, 46, 5, 40, 18, 17, 41, 10, 9, 15, 6, 24, 16, 50, 30, 21, 8, 19, 35, 37, 25, 51, 27, 52, 14, 29, 45, 3, 7, 2, 42, 31, 39, 38, 48, 44, 20, 23, 34, 36, 49, 1, 22, 32, 43, 33, 4, 12, 28]

