1 2600 11686.0890919 26

2 2600 10232.583784 26

3 2600 11903.1244874 26

4 2600 12050.4818664 26

5 2600 11448.388529 26

6 2600 11140.96962 26

7 2600 11466.2680826 26

8 2600 11048.9116017 26

9 2600 12483.6428154 26

10 2600 12227.0253599 26

1 2600 10501.3668179 26

2 2600 10873.2595244 26

3 2600 11506.2573901 26

4 2600 11417.0067147 26

5 2600 10622.8859363 26

6 2600 10940.6282969 26

7 2600 12011.7528472 26

8 2600 10559.669389 26

9 2600 12700.1221462 26

10 2600 11788.7075174 26

1 500 12357.6823379 50

2 500 14009.1549868 50

3 500 13044.9890204 50

4 500 12243.6263029 50

5 500 14139.7133028 50

6 500 11871.6452807 50

1 500 11189.601081 50

2 500 13007.1629413 50

3 500 12578.3177194 50

4 500 12343.772029 50

5 500 14077.2433792 50

